7590
7650
7680
7740
7800
7830
7920
7980
8064
8100
8160
8190
8280
8316
8370
8400
8460
8550
8568
8580
8640
8820
8880
8910
9000
9072
9120
9180
9240
9360
9450
9504
9540
9600
9660
9720
9840
9900
9960
9990
10200
10260
10296
10320
10350
10440
10500
10530
10560
10584
10620
10710
10800
10890
10920
10980
11040
11070
11088
11160
11220
11250
11280
11340
11400
11520
11550
11592
11610
11700
11760
11880
11970
12000
12060
12096
12150
12180
12240
12420
12480
12540
12600
12672
12690
12720
12780
12870
12960
13020
13050
13104
13140
13200
13230
13260
13320
13440
13464
13500
13608
13650
13680
13770
13800
13860
13920
13950
14040
14112
14160
14220
14256
14280
14310
14400
14490
14520
14580
14616
14640
14700
14760
14850
14880
14940
15000
