15180
15210
15300
15360
15390
15480
15540
15600
15660
15750
15840
15930
15960
16020
16080
16128
16170
16200
16320
16380
16470
16500
16560
16632
16650
16740
16800
16830
16920
17010
17040
17100
17136
17160
17220
17280
17400
17424
17460
17520
17550
17640
17760
17820
17850
17940
18000
18018
18060
18090
18144
18180
18216
18240
18270
18360
18450
18480
18540
18600
18630
18648
18720
18810
18900
18960
19008
19080
19110
19140
19152
19170
19200
19260
19320
19350
19404
19440
19500
19530
19620
19656
19680
19710
19740
19800
19890
19920
19950
19980
20160
20250
20280
20340
20400
20460
20520
20580
20592
20640
20664
20700
20790
20880
21000
21060
21120
21150
21168
21240
21330
21360
21384
21420
21450
21600
21780
21840
21870
21960
22050
22080
22140
22176
22200
22230
22260
22320
22410
22440
22500
22560
22620
22680
22770
22800
22860
22950
22968
23040
23100
23184
23220
23280
23310
23400
23490
23520
23580
23760
23850
23940
24000
24024
24030
24120
24150
24192
24240
24300
24360
24420
24480
24570
24600
24660
24720
24750
24780
24840
24948
24960
24990
25020
25080
25110
25200
25344
25380
25410
25440
25560
25620
25650
25680
25704
25740
25800
25830
25920
26010
26040
26100
26136
26160
26190
26208
26250
26280
26400
26460
26520
26550
26640
26712
26730
26820
26880
26910
26928
27000
27060
27090
27120
27180
27216
27270
27300
27360
27450
27540
27600
27720
27810
27840
27900
27930
28080
28140
28200
28224
28260
28320
28350
28380
28440
28512
28560
28620
28710
28728
28800
28890
28980
29040
29070
29160
29232
29250
29280
29304
29340
29400
29430
29520
29610
29640
29700
29760
29820
29880
29970
30000
30030
30060
30096
30150
30240
